0,4
998,1
998,1726
998,1402
998,1513
0,206
0,528
1005,1
1005,31
1002,1
1002,186
0,205
61,8
61,6
61,5
0,309
998,1746
998,1348
998,1861
0,204
998,7
998,1485
998,6
998,5
998,1279
998,4
0,522
998,2903
998,41
998,3
847,4
35,9
35,3
35,1
35,4
35,6
1005,35
1005,3
83,13
83,3
85,5
85,4
1005,87
1005,5
83,9
83,8
83,5
75,3
1002,195
1002,8
1002,46
1002,5
855,3
855,5
345,6
345,1
345,4
835,4
832,36
832,6
841,3
841,5
841,4
835,3
832,19
832,5
803,15
803,5
803,14
803,16
803,11
803,10
803,6
803,3
803,8
803,4
793,7
793,3
832,40
832,23
832,22
832,21
832,46
832,20
794,6
793,26
793,24
793,6
793,1
793,19
793,9
793,4
890,3
891,5
891,4
890,5
890,4
832,10
832,29
61,7
0,469
61,3
61,1
61,4
834,3
834,1
834,4
832,7
832,3
832,9
832,1
832,4
828,5
828,3
828,8
828,1
828,4
998,1548
998,1354
998,1805
0,300
0,299
0,298
0,297
0,296
0,295
0,294
0,293
0,292
0,291
0,290
0,289
0,288
0,287
0,286
0,285
0,284
0,283
0,282
0,281
0,280
0,279
0,278
0,277
0,276
0,275
0,274
0,273
0,272
0,271
0,270
0,269
0,268
0,267
0,266
0,265
0,264
0,263
0,262
0,261
0,260
0,259
0,258
0,257
0,256
0,255
0,254
0,253
0,252
0,251
0,250
0,249
0,248
0,247
0,246
0,245
0,244
0,242
0,241
0,240
0,239
0,238
0,237
0,236
0,235
0,234
0,233
0,232
0,231
0,230
0,229
0,228
0,227
0,226
0,225
0,224
0,223
0,222
0,221
0,220
0,219
0,218
0,217
0,216
0,215
0,214
0,213
0,212
0,211
0,210
0,209
0,208
0,207
0,203
0,495
0,196
0,521
0,195
0,570
0,194
0,193
0,192
0,63
0,62
0,61
0,60
0,59
0,58
0,57
0,56
0,55
0,54
0,53
0,52
0,51
0,50
0,49
0,48
0,47
0,46
0,45
0,6
0,202
0,326
85,1
83,1
75,1
832,16
832,13
832,43
